9 10 11 12 13 14 18 23 24 27 36 37 38 41 44 45 50 53 56 64 65 66 68 71 74 82 85 86 87 89 93 96 98 108 110 113 125 126 128 130 134 135 138 139 140 142 143 145 146 147 151 152 153 157 160 162 163 164 165 166 169 176 183 185 187 191 196 199 201 202 210 211 212 214 247
40 59 130 203 221 247
18 23 29 40 45 47 56 109 110 123 127 136 144 176 179 180 193 200 203 209 220 227 232 235 236 237 241 246 247 248
10 12 18 23 29 44 45 47 48 59 110 162 176 179 180 191 194 197 198 203 209 211 213 220 225 227 241 242 246 247 248 249
10 12 18 23 29 44 45 47 48 59 83 100 109 110 111 123 135 136 144 145 153 157 162 176 179 180 191 194 197 198 203 209 211 213 220 225 227 241 242 246 247 248 249
18 110 200 227 232 233 235 236 237 246 247 248 249
5 6 29 46 57 59 69 75 81 97 104 123 125 127 136 144 165 167 168 180 186 193 199 200 203 213 221 227 232 233 235 236 237 246 247 248 249
5 6 29 46 57 59 69 75 81 97 104 123 125 127 136 144 165 167 168 180 186 193 199 200 203 213 221 227 232 233 235 236 237 246 247 248 249
1 81 83 92 94 95 96 97 100 104 105 106 109 110 111 113 121 123 124 125 127 128 130 134 135 136 144 145 147 153 157 162 168 176 179 180 185 186 189 191 193 194 197 198 199 200 203 209 210 211 213 214 220 221 225 227 228 229 232 235 236 237 241 242 246 247 248 249
1 5 6 9 10 11 12 18 19 22 23 24 29 40 41 42 44 45 46 47 48 49 50 56 57 58 59 64 68 69 74 75 76 77 80 81 83 92 94 95 96 97 100 104 105 106 109 110 111 113 121 123 124 125 127 128 130 134 135 136 144 145 147 153 157 162 168 176 179 180 185 186 189 191 193 194 197 198 199 200 203 209 210 211 213 214 220 221 225 227 228 229 232 235 236 237 241 242 246 247 248 249
