9 10 11 12 13 14 18 23 24 27 36 37 38 41 44 45 50 53 56 64 65 66 68 71 74
40 59
18 23 29 40 45 47 56
10 12 18 23 29 44 45 47 48 59
18
5 6 29 46 57 59 69 75
5 6 29 46 57 59 69 75
1
1 5 6 9 10 11 12 18 19 22 23 24 29 40 41 42 44 45 46 47 48 49 50 56 57 58 59 64 68 69 74 75 76 77 80
5 46 59
5 19 49
1 5 6 9 10 11 12 13 18 19 22 23 24 27 29 37 40 41 42 44 45 46 47 48 49 50 56 57 58 59 64 66 68 69 74 75 80
10
1
22
5
9 42
46
74
38
27
6
1
1
1
46
1
1
1
23
1 38
38
40
65
11 45
27
38 42
5
1
18
40
66
5
18 66
38 57
10
18 27
5
14
5
5
24 45
6
45
74
5 59
6
66
6
58
47
6 13 24
45
66
6
59
69
6
19
6 13 24 41 42 47 66 75
64
14
59
69
59
23 36 49 71
66
6
6
41
11
59
59
59
41
66
6 29
6
6
1 12 24 40 49
6
14
6 74
47
13 56
58
1
24
69
74
24
74
6
6
37
37 76 77 80
40
6
65
66
5 41
27
37
77
29
58
5
45
5 47
11 27 40 47 74
6
5 6 12 13 18 19 27 40 41 45 46 47 56 74
1 6
9 24 40 46 56 57
1
18 23
12
27
13
13
1
24
38
1
1
1
37
6
11
13
59
6
1
1
5
12
5
40
5
45
41
5
41
65
38 64
49
49
18 23 27 40 41
6
6
37
10
24
69
6
23
47
58
65
37
6
1 37
69
38
66
5 9
6
58
74
74
6
5 9 45 49 69 78
69
69
6
27
38
47
49
74
65
1 24 45 49 66
1 12 23 47
59 66
45
65
13 56
13
11
13
37
74
13
24
48
14 23
14 23
65
5
6
5
5
29
66
6
45
50
18 42 45 56 57 74
56
13 23 36 46 49 53 56
14
45
6
11
6
80
23
14
11 18 37
6
1
1 23 49 53 56
1
58
18
23
19
6
76 80
27 49
6
49
13
6
1
1
1
1
1
1
1
1
37
13
29
66
29
5
5
10 18
49
13
24
13
11
13
1 38
56
74
6
41 66
46
41
66
66
11
11
65
6
6
6
11 14 18 24 27 37 38 41 65 74
27
13
46
5
5
1
74
74
1
5
27
10
57
41
13
13
11
24
65
6
41
41
13
38
5
41
27
1
1
74
6
1
6
1
6
6
58
56
41 78
80
80
14 22
23
58
14 23
12
50
65
65
41
24
59
6
48
48
36
6 38
5
50
24 65
24
30 58
14
10
1
6
27
1
41
65
6
11
12
6
38
69
27
6
6
46
40
6
38
74
58
58
27
37
37
74
65
1
14
6 11 13 24 27 37 41 49 66 74
9 10 11 12 13 14 18 23 24 27 36 37 38 41 44 45 50 53 56 64 65 66 68 71 74
9 10 11 12 13 14 18 23 24 27 36 37 38 41 44 45 50 53 56 64 65 66 68 71 74
18 23 29 40 45 47 56
1 9 10 12 18 22 23 29 40 41 42 45 47 48 49 50 56 64 68 69 74
45 56
47
19
47
46
47
10 45 56 68
12 18 74
18
57
46
64
10
27 29 46
12
75
1 5 13 18 41 75
45
1 59
1
49
48 56 69
44
5 19 46 57
1 45 47 57
1
56
1
18
1 6 9 10 18 69
1 47
13 56
50 74
44
47
75
68 74
1 9 10 18 19 42 45 46 56
18 45
1 5 6 10 13 18 19 23 24 27 36 40 41 44 45 46 47 48 50 56 57 58 64 68 69 74 75 80
10 12 42 45 64
18
47
19 45 47 57
9 24 29 40 47 56
45 56
47
18
64
45
12
9 23 44
6
9 12 19 23 24 37 42 71 75
1
45
1 10 23 40 44 45 46 56 80
1
6
1
1
18 44
1
1
1 5 6 9 12 23 42 45 47
11 30 40 44 58
29 69 74
1 9 10 40 45 46 47 49 56 59
74
74
45
45
1
1
18
9
1 5 11
5 47 49
5 13 38 65 66
47
19
23
49 56
1 42
1
56
45
47 48 74 78
44
59
5
45
42 46 56
1 10 12 18 19 23 42 44 45 47 56 57 64 75 80
1 57
12
1 18 29 42 45 46 47 57
45 75
56
12
18 56
40
45
23
14
23
45 47 59
59
59
59
59
59
59
59
45
14 18 40 47 48 58 65 66
23
18
6 9 23 45
44
19
1 80
78
23 27 45 59
18
6
18 47
1
6
40
58
14 23
48
69
27 77
10 29 45 47
1
10 68
1
1 22 44 45 47 57 64
1
13
5 59
18
49
69
9 12 29 45 50 56
45
1
11
13
64
23 45
45
22
11
19 57
22
10 44 45
1
9
18
9
10 45 75
23 41
44
45
45
18 59
38
10
23 56
23
37
12 18 22 66
18
11
1
68
42 75
47
1
1
45 76 80
1 49
19 57
9 10 23 40 74
9 10 12 18 19 23 45 56 58 68 74
46 48 56 69
59
45
10 19 44
10 37
45
10 40 44
12
12
29
12
1
42
42 45
1 10 23 56
44
10
1
68
22
5 57
5
18 22 27 44 45 53 71 74
19 23 57
56
10
45
42 47
44
5 19 47 57
57
1
10
57
13 19 57
47
1 6
44
47
69
1 47
11 12 13 14 18 22 23 24 27 36 37 38 41 50 53 56 65 66 71 74
1 46
1 47
1 10 12
45 46 68
22
5
66
49
18
46
49
59
18
45
47
1
18 29 46 48
23 75
12 23 56 80
12
42 75
1
10 59
59
5 19 46 57
45
11
18
1
6
56
18
45
1
9 23
78
45 75
42 45 50 75
24 36 37 53 71
47
13 23 24 36 37 53 71
56
1 10 11 12 14 18 19 23 27 30 38 40 41 45 47 48 56 57 58 64 65 66 74 76 77 78
5
45
45 56
47
66
10
1
18
46
47
1 57
29
1
12 23 49
46
18
23
1 12 18 49
1 18 23 42 56
57
12 18 23 40 45
40 47
47
57
24
18 22 23
36 71
75
66
24
18
45
53
53
1 12 18 46 47 49 58 69 80
49
68
56
19
18
10
5 49
45
18
10
40
24
1 27
42
59
45
10 18
50 59 74
13
10
10
1 18 23 40 44 45 49 56
56
12
18
1
45
1 6 19 42 47 69 75
46
11
68
18 48 76 77 80
1 65
5
29 40
6 69 76 77 78
1 5 6 12 47
76 77
50 64 74
5
48
45
1
65
1 6 69
1 46
74
45
42 59 69
12 27 47 50 64
12 18 23 56
1
9 10 11 59
5
47
19
23 45
1
5 6 75
18
1 5 6 9 10 13 18 19 23 27 40 41 42 44 45 46 47 56 57 59 64 66 68 69 74 75
47 48
10 19
75
74
11
13 19 24
18 45 56
59
80
9 11 13 18 19 23 27 40 42 48 50 56 75
47
18
45
30 50 58
40 47 59
6 10 42
68
11 29 50 64 66 74
45
64
10 58
29
1 45
1 56
49
5 6
6
56
29 42 65 68 75
40
40 45
50 57
59 64
68
1 10 18 19 23 42 44 46 47 56
23 29 45 47
47
47
1 45
41
41
56
1
1 5 12 57
18
1 45
10
45
45
68
12 45
29
41
10
23
29 47
57
45
29
10
68
1
18
49
1
1
5 45
42 75
10 45
5
5
59
22
10
46 47 75
1 10 18 23 27
1 6 9 12 18 19 23 27 29 30 37 40 42 44 45 46 47 48 49 56 57 58 64 69 76 77 78
9 10 11 12 13 14 18 23 24 36 44 45 56 64 65 66 68 74
45
1 10 11 12 27 41 42 44 50 59 66 69 74 75 80
50
9 10 23 40 47 58 59
47
45
44 68 80
47
75
45
19 46 47
58
40 45
13 42 56 75
45
56
19
58
10 45
1 12 18 19 22 29 45 47 50 56
12
1 9 10 12 18 19 22 23 27 40 44 45 47 48 49 50 56 57 64 68 69 75
5
13 66
1 5 29 46 48 56 74
46
18
29
59
6
1 5
6
56
1
18
1
18
45
45
10
37
45
45
18
1 12 18 40 47 69
1 12 18 45
30 66
29
45
5 22
47
40 47
1 5 59
18
10 12
27
1
12 45
1
47
18 44 57
6
6
1
59
5 11 74 77
19
13 24 37 41 56 64
59
1 12 22 23 59
9 10 11 12 13 14 18 23 24 27 36 37 38 41 44 45 50 53 56 64 65 66 68 71 74
18 38
68
10
1 29
22
6
18
1 10 50
45
68
6
1 6 12 23 24 36 37 45 53 59 71
19
1
68
44
10 30 58
10
12
5
1 6 12 18 59
45
18
18
44
69
1
9 40 42 45
69
59
59
74
45
1
12
1
44
18
22
36
59
1 9 10 11 12 13 14 23 24 27 29 30 37 38 41 42 45 47 56 57 58 64 65 66 74 76 77 78
75
30 58
6 23 41 42 46 47 56 75
47
45
50
10
13 14 24 66
1
57
30 58
45
5
5
10
77
48
1
29
5 29 69 80
5
74
29
1
47
42 44
11 12 13 14 24 27 37 38 41 65 66 74
1 23 42 47 48 56 57 75 78
22
44 49 59
6 13
13 14 23 47 53
59
1
19 49
1 10 11 29 45
11 12 13 24 27 37 41 45 66 74
29
1 47
69
40
5
36
1
10
5
1
47
1 6 9 10 11 12 13 18 19 22 23 24 27 29 30 37 40 41 42 44 45 46 47 49 50 56 57 58 59 64 66 68 69 74
18
1 19 45 59
45 48
64
12 59
6 68
6
1 29 56
12
1 23 24 40 42 44 45 46 47 50 56 59 64 74 75
10 14 23 37 47 71 75
1 69
1 45
10 13 23 49 56 64
11 12 13 23 27 40 41 45 56 74
56
42 75
18
45
23 59
10 12 80
1 49 56
45
18
64
36
59
29
29 56
19 23
74
49
68 76
1 10
10 36 71
23 24 37 53
13 47
23 50
10 12 18 23 29 40 47 56 59 74
74
1 5 10 11 13 19 40 45 50 66 74
59
18
1 13 18 27 48 56
45
68
19
64
10 47
47
45 59
46
66
1
29
42
66
66
1
13
45
42 75
18 40
27
6
46 69
29 40 57
1 5 10 22 45 47
44
10
13 18 23 24 36 37 45 53 71
56
18
68
1 18 69
42 75
6 9 10 56
12 13 23 24 37 41 45 56
19
18
42 75
1 56
18 40
1
68
10 19
58
74
36 37 53 71
11 12 13 14 18 24 27 37 38 41 65 74
1
12 18 23 45 56 64
23 71
59
42 46 75
24
23 36
18 56
5 23 29 40 45 47 59
5
45
29
29
23
46
1 56
9
9 23 24 29 36 37 40 53 64 71
42
57
5
18
1 57
6
49
45
44
42
12
5 80
1
56
45
10
18 47
5 12 18 23 40 46 49 56 69
37 56
5 48 80
45
45
66
1
23 41
12 13 27
42 75
40 50
6
13 14 24 27 37 41 65 66 74
56
47
1
10
45
59
45
45
1 30 56 58
45
1
56
18
1 9 10 12 18 19 22 23 29 40 42 44 45 46 47 48 49 50 56 57 58 59 64 68 69 75 80
1 10 12 18 19 23 29 38 57 66
1 18 59
74
47
29 45 76 77
42 45 49 80
45
12
1 29
23 56
59
10
18 40 64
29
1 47
1 64
29
1
59
59
42 57
44 46 47 66
45
59 75
23 29 44 46 50 71
12 13 23 56
45
9 10 12 18 23 40 41 45 56 66 74
75
9 18 37 40
45
49 57 59
1 6 19
1
46
47
42 75
45
18
6
1
11 13 14 24 27 37 38 41 65 66 74
29
1 29 47
47
13 56
18
45
1
45
47
1 10 64
1
5 6
44 49 59
6 69
41 50 68
75
9 23
45
1
59
40
1
1
40
44
45
59
48
59
1 75
9 10 12 23 45
10
24
45
45
18 23 45 56
44 46
6
22 44 56
12 23
47
46
6
6
49
1
59
47
47
29 45
45
57
10
10 45 68
10
75
49
47
59
11 18 23 29 41 64
10
10 64
1
45
44
10 64
66
10
12 27 45 47
1 12 18 29 45 46 49 64
1 5 6 9 10 12 18 19 23 29 40 44 45 46 47 48 49 56 57 58 59 64 68 69 74 75 80
1 6 75
47
1 45 47 49
12
42 45 75
1 12 42 45 59
45
23
18
6 18 59
1 6 45
37 41 46
23
5
1
10
1 10 45 49
1 6 9 10 12 18 19 22 23 24 29 37 40 42 44 45 46 47 48 49 56 57 58 59 66 74 75
23 45 49 59
18 40
42 49 75
19 46
75
1 6 19 69
18
1 6 10 42 45 46 69
47
1 45 47 59
64
44
49
44
29
42 45
40
71
29
71
45
13 37 45 49 50 56
9
12
1 5 19 44 45 46 49 57 58 69 76
45
42
1 10 29 47 57
42
68
18 27 29 44 50 64
27
42
10 18 23 29 40 42 45 56 59
27
1
18
19 46
68
5
47 56
45
18 44
6 18
46 59
49 59 68
5
1
66
9
11 13 14 24 27 36 37 38 41 53 65 66 69 71 74
1 18 19 29 40 45 46 47 49 69
49
45
45
10
45
18
1 30 44 46 58 59 69 76 77 78
1 46 48 69
46
12
1
1 6 10 45 47 69
18
5 6 19
5
45 46
18 45
1 42 46 50 75
45 57
45
47
1 12 18 19 42 45 56 64 75
78
1 12 42 45 46 47 48 59 69 75
44 47
45
10
47
10
47
1 10 12 18 23 42 44 45 75
5
5
5
1 10 11 12 18 23 27 37 38 40 45 46 47 48 56 65 69 74
18 69
19
58 59
1 78 80
24 74
48
1
-----BLOCK_END-----
82 85 86 87 89 93 96 98 108 110 113 125 126 128 130 134 135 138 139 140 142 143 145 146 147 151 152 153 157 160
130
109 110 123 127 136 144
110
83 100 109 110 111 123 135 136 144 145 153 157
110
81 97 104 123 125 127 136 144
81 97 104 123 125 127 136 144
81 83 92 94 95 96 97 100 104 105 106 109 110 111 113 121 123 124 125 127 128 130 134 135 136 144 145 147 153 157
105
97 104 144
97 104 105 121
81 82 83 87 93 96 97 100 104 106 109 110 111 113 121 123 124 125 127 128 130 134 135 136 138 140 142 144 145 146 147 153 157 160
110
128
104
105 143
93
98
104
93
93
82
160
93 97 109 123
110 160
97
97
97
97
97
97 127
97
97
97
97
97
97
97
97
86
97
97
97
97
124
97 104
97
97
97
82
93 123
97
140
80 109 121 136 138 147
105
151
98
105
96 138
87
104
98
105
160
125
124
105
125
98
96
160
126
126 130
80
86 87 146 160
105
87
134
104
135
98
82 89 125 139 152
100
160
140
109
105
87 109
105
135 160
105
82 108 109 136 139
105
144
147
126
138
85 92 111 139
127
100
138
105
81
96 144
105
121
100
121
135
105
82
160
96
80
98
110 123 145
83 93 100 113 121 123 138 140 160
105 121 123 130
98
97
92 111 153
97
97
97
124 138
97
111
97
97
97
97
97
97
100
97
97
97
97
97
97
97
97
97
97
138
97
97
97
97
97
97
83 87 110 113 142
82
110
109
160
135
124
105
160
109
81
124
126 146
140
130
135
125
81 85 94 95 108 109 142 147
105
153
86 104 135
105
124
105
99 101 102 103 132 133
100
96
89 160
138
160
140
82
145
98
142
97
97
97
97
97
97
97
97
97
97
97
97
110
160
97
126
85 109
100
111
109
83 105 113 130 139 142 145
138
94 109
110
135
140
121
151
100
121
93
123
151
145
125
98
98 105 145
105
96
138
105
98
110
97
97
126
160
121
97
97
82
97
97
97
97
97
97
97
97
121
138
157
105
93
123
140
109
109
125
160
145
98 126 138 145 151
104
151
105
97
140
109
126
104
138
104
109
157
151
142
82
125
96 145
126
145
126
145
125
151
145
130
82
109
145
145
81
126 130
95 109
104
105
138
105
147
124
145
145
142
145
110
111
111
111
111
111
126
105
109
151
126
82
145
151
142
125
105 135 143
151
96
100 153
130
138
82
82 87 93 138 140 146 160
82 85 86 87 89 93 96 98 108 110 113 125 126 128 130 134 135 138 139 140 142 143 145 146 147 151 152 153 157 160
82 85 86 87 89 93 96 98 108 110 113 125 126 128 130 134 135 138 139 140 142 143 145 146 147 151 152 153 157
109 110 123 127 136 144
81 87 93 96 100 109 110 111 113 123 124 125 127 128 130 135 136 144 145 147 153 157
110 144
109 110 144
121 124 144
80
110
106 110
109 136
153
110 130
109
110
109 110 144
144
100 104 109 111 134
136
144
96 135
123
110
109
135
144
136
100 124
144 157
97 104 105 121 136
81 109 110 143 153
83 113
105
109
110
110 146 147
144
97
97
110 124 152
147
110 113 136 144
136 144
110 130 144
110
110
81 96 97 100 104 105 106 109 110 113 121 123 125 127 130 134 135 136 140 144 145 153 157
153
109 110 136
104 110
87 130 146
144
111
134
128 146 157
82 83 85 87 108 113 139 143 144 146 147 152
81 123 130 144 145
110
105
143
143
109
104 105 109 110 123 144 145 147
97
110
124 144
81 104 106 109 110 121 123 130 136 144 146 153
105
147
145 151
109
81 94 104 109 111
98 138
110
87
144
97
97
108
80 81 94 95 100 109 157
105
127 145
104
145
87
81 104 109 110 111 136 144 157
110
157
109 110 144
144
105 113
83
110
105
121
110
125 135
110
144
110 145
80 82 92 93 100 109 111 123 160
109
135 147
105
110 145
110
81 94 109
109
125 135 153
144
105
109
125
127
97
110
110 144
136
153
97
80 97 110
109 110 123 124 136 144 145 153
135 153 157
144
81 96 109 110 111 125 127 135 157
153
130
110
145
111
144
144
105 157
123 157
93
110
124
135
124
109 110 136
121 136
98
157
145
98
109 110 144
144
136
134
97 104 136
135 136 157
110
110 130 135 145
144
144
97
110
121
97
97
127
81 97 139
87
130
109
144
126
110 134
144
82 110 128 160
105
126 130
105
85
144
110
83
81 109 110
157
96 125 135 153
136
136
97
96 125 135 147
142
110 123 125 127 130 134 144 145 146 147 153 157
100 130 136
157
110
123 144 153 157
105
97
110
110
136
123
127
110
110
144 153 157
147
127
98
97
86 96 98 125 127 128 135 139 143 145 147
97
109
124
136
105
136
157
104
109 110 136
105 109
113
110
97 109
145
144
127
85
83 85 86 87 89 93 98 104 108 113 126 130 138 139 142 143 145 146 147 151 152 160
139
145
105
144
96 127 144
97
96
96
138
138
109
144
80 81 104 153
144
82 97 109 127
157
147
147
145
83 100 105 113 130 142 144
82 113 146 147
130
136
144
109
123 144
97
104 105 121 136
136 153
100
105
104 136
127
127
110 134 145
109
144
144
82
144
110
145
125
81 94 109
82
109
82 83 85 86 87 89 108 143 152
130
110
82 83 86 110 113 139 146 147
110
126
80 81 92 93 94 95 96 100 109 110 111 123 125 126 127 130 134 135 140 145 147 153 160
144
110
82 97 123
105
81
109 110 111 124
130
153
80
81 109 130 136
97
105 109 145
97
110
128 157
109 121 123 124 125 130 144
110 123 130
144
110
111
105
144
152
97 104 127 136
81 144 147
105
135
128 157 160
110
144
128
128
130
136
81 104 105 109 121 124 130 142 145
110
144
134
85
110
110
136
144
153
153
157
83 113 125
109
81 109
97
121
104
97
144
109
97
109 144
82 96 106 110 125 135 140 153
80
110 136
136 157
123 130 144
134
110
110
109
93 123 140 160
144
110
130
157
121 124 127
153
92 94 95 96 125 135
80 81 89 104 109 111 124 147
81 92 94 95 109
80 81 109 111
121
145
80 109 145
110
81
82 109
105
96 125 135
110
110
136
96 110 125 135 144
136
104 123 125 144 145
145
83 113 138 145 146 157
144
109
113
136
104 105 145
83 96 97 104 105 109 110 111 121 123 125 127 128 130 134 135 140 144 145 153 157
144
111
140
136
136
110 111 130
111
145
95 109
109
81 93 96 97 105 109 110 111 113 121 123 124 125 130 135 136 145 146 147 160
110 136
82 87
110
83 109 113
135
104 123
110 113
140 145
105
93 123 160
136
134
109
144
110
81
110 136
110
110
110
97 136 157
97
97 106 124 136
96 110 135 142 151
100 110 121 123
105
105
97 134
105
97 136 144 153
81 109 110 127
105
81 109
144
130
104
144
110 127 136 144 153
109 110 144
121
110
110 136
109 125
136
110
121
153
109 121 123
110 144
110
121
144 157
82
109
105
125 157
109 110 136 144
97
97
157
157
110
157
110
142
142
110 136 144
97
144
109 136
157
105
123
80 81 82 92 94 95 96 97 100 104 105 109 110 111 113 121 123 124 125 127 130 134 135 136 144 145 153 157
85 87 89 93 108 110 123 126 130 134 138 142 144 151 153
104
83 93 113 138 140
145
87 100 123 136 146
105
105
125 126 130 135 136 144 157
83 113 144
109
127
87 110
144
110 144
130
96 110 125 135 153
87 97 104 110 121 123 125 127 134 136 144 146 157
144
96 100 110 113 121 123 125 127 128 130 134 135 136 144 145 146 147 157
93 123
105
105
135
100 105 121 160
110
136
144 147
157
97
97
144
153
157
130
110
125 157
97
97
153
110
109
110
110 123 127 130 144
144
81 109 127
104
144
136
96 135
110
109 136
110
144
109
111 121 123
110
157
83 113
128
128
110
127
136
127
110
97 153
106 124
80 136
104
82 110 123
98 126 130 138 140 145 151
97
97
104
96 121
82 85 86 87 89 93 96 98 108 110 113 125 126 128 130 134 135 138 139 140 142 143 145 146 147 151 152 153 157 160
125 140 144 146 157
97
97 104
92 111
105
109 127
80 81 130 144
110 135
105
110 135 136 144 153
82 83 86 87 89 104 108 113 136 139 143 144 145 152
81 110
97 104 110 127 144 153
105
110 113 135 144 146 147 153
110 144 146
97
106
128
108
105
135
110
157
136
104
144
104
110
124
123
157
97
109
144
104
80 81 82 94 95 96 98 109 110 111 121 123 125 126 130 134 138 140 144 145 147 151 153
144
109
92 109 111
125 130 144 145
130 135 136 144 153
130
110
144
110 111
144
105
97
108
160
110
144
96
83
81
100
82 87 144
81 139
109
104
109
110 144
109 136
82 93 95 98 109 126 130 136 138 140 142 145 151 160
144
105
80 81 96 100 105 110 125 130 144
97 144
105
140 145 151 157
81 109 153
157
145
97
104 129 146
110 123 134 136 144 145 151 157
82 87 93 109 138 140 146
83
157
83
113
144
146
109 121
97
136
81
80 81 82 83 93 96 97 100 104 109 110 111 113 121 123 124 125 127 128 130 135 136 140 144 145 146 147 153 157
93 97
110 136 153
110 136 153
127 140 144 145 157
157
136
80 81 82 83 96 104 109 110 123 130 136 144 145 146 147 153
87 98 108 109 110 123 144 147
97 110
144
109
83 110 113 130 134 135 160
144
144
110
82 93 96 109 110 125 127 135 136 144 145 153 160
130 144
104 110 130 144
110 136 144
136
110
144
121 144
96 125 147 153
127
109
125 157
125
144
140
105
80
105
105
110
110
123
110
130
144
85 86 89 108 139 143 146 152
82 83 87 113 147
104 136
89 108 113
96 100 109 110 121 124 125 135 136 147 153 157
97
82 83 97 104 113 145 147 160
110
110
81 83 100 109 113 142
110
105
82
144
140 144
82
97
82 105
97
134
110
110 135 147 153
144
111
160
109
121
97
147
106
97
110
110
127 134
146
160
160
110
110
130 136
110 130
153
109
123
104
111 123 124
97 104 121 123 127 144 145
82
130 153
125 144 147
81 85 87 89 108 109 152
157
110 144
109 144
104 109 145
121 123 124 127 130 143 144
153
98 110 123 126 130 138 145 151
136
109 121 130
144
145
129
110
110
125
147 157
125 153
82 83 85 86 89 108 143 152
98 126 138 145 151
87
104
123 144 145
113 143 147
110
82
105 144
136
124
86 125 135 139
109 110
82 104 113
105
135
123
144
110
109 110 130
128 157
123 135
135
82 83 85 86 87 89 108 113 139 143 147 152
145
147
97
110 121
127
110
144
109 144 157
85 89 108 147 152
144
109 157
109 110
81 100 136
110 136
105
121 123 124 130 136 144 145
147
136
144
81 95 100 109 111 145
93 123 130 145 157
153
130
111 136 144
82 93 98 126 138 140 142 151 160
123 145
111
105
92 100 111 144
110
135
100 111 123
157
110
97
81 96 100 105 109 110 111 113 121 123 124 125 127 128 130 134 135 136 144 145 146 147 153 157
123 130 134
144
105
124
92 94 95
136 144
100 111
97
81 109
93
96 109 110 125 135 153
123 130 144
153
110 121
110 134 144 153
136
136
153
110
109
97 110 160
144
108 113 144
106 138 145
110
127
83 93 96 113 125 128 130 135 145 146 147 153 160
113 128 146 147
110
106
105
136
111 123 136
123 136
82 93 98 126 138 139 140 142 151 160
147
110
110 144
135
109 130
93 106 109 144 146 151
144
144
100 121
104
136
109
109
144
96 134
110 144 153
144
97
97
144
136 144
97
83 113
136
110
110
110
110
110 129 146
144
109
81 109
127
104
144
97
97
97
105
97
96 125 135 153 157
121
81 109 130
100
123
130
96 97 110 125 128 129 146 147 153 157
136
97
109
104
110
135 136
134 146
147
123
128 134
123
110
105
110 136
104
92 111 144
105
130
97
89
109
89
144
105
110 144
110
151
144
151
134
129 146
82 144
143
110 128
97 134
160
97
104 127
105
81 110 136 144
81 109 110 111 127 135 136 144 157
81 83 96 97 100 104 105 106 109 110 111 113 121 123 124 125 127 128 130 134 135 136 144 145 147 153 157
96 144 153
144
136 144
106 109 147
110
97 145
96 109 110 144 153
109 121 125 130 144 157
110
153
123
144
83 89 98 110 113 152
83 97 104 130 144
109
109 147
86
147
80 81 82 95 96 100 104 106 109 110 111 113 121 123 125 127 130 134 135 136 144 145 146 147 153 157 160
127
144
109 136 144 153
97
105
86
121
147
96 100 110 124 125 135 153
130
97
100 121
157
109
110
144
105
110
109 110
83 86 95 109 113 127 144 145
129 146
81 109
124
92 94 95 97 104 105 109 111 121 123 124 127
144
109 128 144 157
110
110
157
93 97 134
144 153
110 144
140
109
109
109 110 111 121 125 136
104
105
113
104 105 121 136
104 110
110
97 105 110 123 145
110
110
110
130 153
160
110
82 83 85 86 87 89 93 98 108 126 138 139 140 142 143 151 152
81 82 109 110 111 121 127 130 135 144 145 157
152
106
110 144
110
110 144
125
144
127
109
109
81 109
109
80 81 92 94 95 104 109 111 124 138 144
100
136
110
105 106 109 121 144 145 147
127
157
110 144
97
113 125 144
136
105 109 110 113 125 134 136 145 157
111 136
144
109
128
109
152
104 121 123 128 136 144 146 157
157
81 109
144
109
144
83 96 100 105 109 110 125 135 144 157
104 121 144
110
110 136 144 157
125
140 145
82 93 98 100 105 109 110 121 123 124 126 130 138 140 142 145 151
121
100
97
144
81 110
81 96 110 144
110 144
110
140
100 125
105
-----BLOCK_END-----
162 163 164 165 166 169 176 183 185 187 191 196 199 201 202 210 211 212 214
203 221
176 179 180 193 200 203 209 220
162 176 179 180 191 194 197 198 203 209 211 213 220
200
165 167 168 180 186 193 199 200 203 213 221
165 167 168 180 186 193 199 200 203 213 221
162 168 176 179 180 185 186 189 191 193 194 197 198 199 200 203 209 210 211 213 214 220 221
221
162 164 167 168 169 176 179 180 185 186 187 191 193 194 197 198 199 200 202 203 209 210 211 212 213 214 220 221
179
213
213
213
213
179
209
201
183
201
169
201
202
187
183
213
203
213
164
210
179
213
209
203
179
209
179
179
212
196
193
196
214
213
196
167 209
212
212
202
196
169 183 194 210
212
212
212
198
221
183
164 187
220
183
164
164
200
212
202
203
198
198
221
166 203 214
210
220
194
194
210
203
168 200 210
198
187
198
220
169 201
221
191 210 214
169
213
167 179 187 198 199 202 210 211 213
164 167 179 187 199 202 210 220
176 179 193 203 209
209
176
221
169
201
201
187
167
169
169
202
164 212
203 209
164
183
183
179
196
198
209
209
209
179
209
198
198
203
199
169
200
212
200
198
189 191
198
200
210
163 201
198
199
179
165
198
169
210
187
216
198
221
201
198
167
202
169
167
167
163 202
202
169
201
210
167
202
199
202
179
179
164
221
221
179 198
203
200 221
198
198
220
166 201
183
203
202
202
167
203
211
202
201
210
202
202
210
183
199
221
198
221
221
221
164
221
221
221
198
221
221
221
198
166
210
201
211
183
187
169
169 183 202 210 212
187
183
169
198
199
186
212
167
201
165
212
183
169
201
187
201
203
179
221
221
212
210
210
189 191 211
201
169
187
164
169
169
210
199 202
183
202
164
199
196
187
211
165 214
221
210
203
167
213
164 167 169 187 202 210 212
162 163 164 165 166 169 176 183 185 187 191 196 199 201 202 210 211 212 214
160 162 163 164 165 166 169 176 183 185 187 191 196 199 201 202 210 211 212 214
176 179 180 193 200 203 209 220
168 176 179 180 186 187 191 193 194 197 198 199 200 203 209 211 213 214 220
209
209
180 199 200 203 211
179
179 200
221
203
209
162
214
197
200
203
179 180 200 220
203
176 179 200 203 209
179
203 214
198 202 203
180 209
180
163
179 198 203 209
200
180
179 198 209
176 213
200 203 209
176 180 185 186 209
203
180 193 197
203
180 193 197
203
209
166
209
183
185
176
176
176
194 197 199 203 209 221
203
197
180
209
176 200 209
203
203
200
176 179 180 193 197 198 200 203 209 211 214
176 180 209
167 169 176 179 180 185 187 194 197 198 199 200 202 203 209 210 211 212 213 214 220 221
209
176 180 193
165
209
179 209 211 220
180
220
179
162
179
162
163 165 203 209
176 180 193 197 200 203 209 220
179 213
180
179
176 203
220
179 180 200 203 209
180 197
203
200
179
179 180 200 203 209 211 213 220
183
200
203
214
209
211 220
179 200 203 221
214
169 201 202
214
200 203
200
179
209
162
162 179 198 203 209 220 221
176 221
203
209
191 194
197 211 213
176
180
191 194
176 179 180 197 199 200 203 209 211
220
180 200
203
179 180 200 203 209 220
168 214
209
200
191
197
209
200
209
203 209 220
200
209
196 198 203 209
209
176
162 199 214
203
180 193
209
203
203
179 194 209
203
199 200
201
221
179
176 191 194
193
198 220
176
209
209
209
179
176
193 200
176 179 180 193 197 200 203 209 213
180 186 199 200
176 179 180 200 203 209 220
176
220
180 209 220
180
164
176 203
189 191
189 191
179
176
180
200 211 214
203
179 200 213
176 200
221
209 221
200 209
200 203 220
221
197
209
209
203
191 194 203 209
212
193
203
180
209
209
209
199
221
209
209
180
203
213
185 194 203
162
179
209
214
203
193
199 214
209
176 180 186 191 194 214
179 203 211 213 220
179
197
211
180
179
179
180 209
203
180 197
203
179
193
180 193 209
180
180
179 213
180
179
209
176
179 197 200 203 220
176 191 194 200 209
179
209
213
179
193 197
197
162 166 176 185 210
203
214 220
176 200 209 213
179 180 203 209
180
203
203
179
198 220
197 200
193
189 191 194
200
162
199
163 165 166 167 169 183 187 191 201 202 210 212 214
189
185
203
176 197 200 220
176 220
189 200 209
203
209
203
176
203
187 203 210
200 203 221
180
200
214
179
198 213 220
180
203
209
176 179 200 203 213
191 194 211
209
200
209
198 220
203
176 180
180
200
200
176 179 193 200 209
162 180 193
221
179 209
180
168
209
179 203
176 180
220
209
176
203
180
210
203 211
180
211 214
176
163 165 166
163 165 166 214
168 185
164 167 168 169 183 186 187 189 191 193 194 196 198 199 200 203 210 211 212
180
210
179 203
176 179 200 203
197
209
180
203
193
200 203 209 213
200
203
176
200 213
167 168
200 209 213
180
214
180 198 200 203 209 213
209
179
203
176
176 179 180 209
179 203 209
176 203 209
209
191
209
213
180
168 191 194 203 209 214
212
176
209
209
197
176
209
176 200 203 209 220 221
176
211
180
193
165
176
179 185
193
179 198 209 211
201
176 180 209
200
220
203
179
209
203
179 180 199 214
160 164 169
197
186
203
220
176 179 200 203 209 220
220
176 179 180 200
176
197
179
164 167 187
203
179 200 209
180
197
203
179 200 213 221
212
212
200
193 197
179
180
203
176
191
203 221
162 203
162 203 209
200
200 203 213 221
200 209
209 220
176
209 214
162 179 220
200
203
180
176
200 203 209 213
179
167 200
179
179 193 199 203 220
213
213
169 179 185 186 191 193 194 197 199 200 202 203 209 211 212 213 214 220 221
209
179 203 209
179 200
180
167 176 180
168
176
163 180 212 214
209
179 209
176
209
209
164 167 168 176 179 180 193 197 198 199 200 203 209 210 211 213 214 221
213
203
200 203
179 180 200 203 209 211
176
164 167 168 169 187 200 210
213
179
179
209
196
162 180 200 209
179 193
179
193 209
176 179 197 209 213
220
189 191 194
180
180
193
198
203
179
180 186 193 209
179 209
197
197
179 198 203 209 220
164
210
176 200
176 179 180 199 200 203 209
193 197 199 200 203 209
179 209
197 200
176
176
176 179 197 200 203 209 220
176 193 200 203 209
209
180 209
203 209
200
197 203 209
203 220
176 200 209
203
180 191
209
180
197
211
199
200
180 213
211
193
180 200
180 203 209
179 180 200 203
200
209
176 209
176 179
209
179
167 176 179 180 185 186 187 193 197 198 199 200 203 209 211 212 213 214 220 221
197
163 164 165 167 168 169 183 185 186 187 199 202 212
209
167 187 210 212 220
167
179 198 209 213 214
211
209 213
176 193
163 169 176 179 199
179 209 220
180
180 220
209
209 220
220
180
176 200 220 221
194
179 203
176 180
179 186 203 209
176 179 209
199
197
180
209
176 179 180 200 203 209 214
162 168 176 179 180 185 186 191 193 194 198 199 200 203 209 211 213 214
179
203
209
194 201 202
168 209 213
213
179
203
202
203
180 200
203 209
209
209
209
176
166
193
179 180 203
213
209
179 191 193 194 198 200 203 209 220
220
200 209
203 221
179
209
179
176
203 220
200 221
179 200 203 220
191 200
179 180 197 200
200 203 209
176
166 220
200 203
180 209
200
176
200
200
209
179 221
200 203
176
197
164 179 202 209 210 212
200
194
179 200
191 213
179
162 163 164 165 166 169 176 183 185 187 191 196 199 201 202 210 211 212 214
167 168 186 196
180 193 197
198 203
198 220
179
176 180 203 211
201
162
203 209
209
176 179
180 200
199
213
200 203
185
209
194
163 165 166 200 214 221
176 200 203
176 179 203 220 221
167 168
203
200 202 209 211
169
169
167 168
162
200
179
203 209
213
176 203 209
180 197 209
187
200
176
209
200
213
180
200
209
209
203
209
160 164 167 168 169 180 183 186 187 196 199 200 202 203 210 211 212 214
221
209
179
179
209
179 203 220
198 203 211 220 221
180 193 200 209 213
180 203 209
180
180 200 203 209
176
209 220
203
169 183 201
180 200
202
202
197 200
203
180 203
198 220
167
198
179 200 203 209
176
179 180 209
200
209
162 203
176
164 167 168 169 183 187 196 201 202 203 210 211 212
203
180 198 200 203 209 220 221
200
201
176 179 200 203 209 211
185
220
212
200
176
176 180 193 197 200 203 209 210 220
160 164 167 169 179 180 187 202 210 212
203
200 209
198
197 200
180
180 200 203
197
220
179
160 162 164 167 168 169 176 179 180 185 186 187 194 197 199 200 203 209 210 211 212 213 214 220
203 209
180 193 200 214
180
176 180 209
209
191 194 200 211 213
203
176 179 180 191 194 200 203 209 211 214 220 221
209
168 179 180 194 200 203 209 214
176 179 200
176
185
164 167 169 176 200 210
164 167 180 187 197 209 210
179
193 197 214
209
179 180 200
179 209
200
199
179
209
179 200 203 209
179 213
220
180 203
197 199
203
203
176
189
209
180
179
209
176
179 197 200
203
203
163 165 166 191 194 209
179 193
179 186 198 199 203 211 213 214 220 221
176
176
167 193 200 202 209 210 214
209
203 209
203
203
176 194 211
209
179
179 200
214
179 197 200
180
200
209
179 180 203 209
203
209
162
179
191 194
209
200
211
179
209
180
209
203 209
199
180 203 209 213 221
176 179 189 191 194 200 209 213
209
185
203
209
179 180 198 209 220
193 197 220
203
214
180 200
200
176 179 186 197 200 209
176 199 202 210 212
180 193 197
203
203
186
200
180
179 209
209
211
209
203
209
214
200 209
209
163 165 166
169 183 201 202 210 212
209 220
163 165 166 214
179 180 209
179
193
179 209
203
179 200 203 220 221
200
179
180
179
165
203
209
179 200 214 220
209
163 165 166 179 214
194 200
167
193
209
179 211 213
214
203
209
179 203
176
220
197
209
179
211
209
209
214
168 179 200 203
180
180
176 179
162 193 198 203 211 212 220
209
183
179 209
209
209
176
212
209
197
167 187 200 209
176
193
176 180 209
164 167 169 183 187 196 201 202 210 212
199 209 211
209
180
198 209
180 193 197
209
209
179 198 209
198 203 213
180
220
209
162 168 176 179 180 185 186 191 193 194 197 198 199 200 203 209 211 213 214 220 221
180
209
160 164 168 203
203
193
165
165
179
176 179
179
203
198
179 209
180 193 197
179 198 209 220
203 214
180 220
200
200
180 185
193
180
209 213 220
209
176 209
179
200 209 214
202 210
179 180 197 209
164 167 179 187 199 214
214
179 200
200
176
200
220
179 209
203 220
179
164 167 169 183 187 196 201 202 210 212
179
214
203
180 209
179 193 220
209
203
203 209 213
180
203
203 210
203
179
179 203
179 209
179
209 220
179
197 200 203 209
209
209
176
168 200
176 179 209
179
176
194
176 180
194 200
180
200
200
200
176
186
209
200
179
220
209
209
202 214
203
176
185
162
179
179 203
200 203 221
176 209
198 203 220
209
203
200
167 168
203
180
162 179 200 203 209
199 202 214
193
209
179 211
180
180
180
176
179
179
176 180
162
180 203 220
162
176
176 198 200 203
203 209
200 209
179
191 194
179
179
179 199 203
180 200 203
176 180 200
203 209
167 168 169 209
176
200
180 185 220
176
194
189 191
179 180 200 203 209 213 221
176 179 180 193 197 200 203 209 211 220
162 168 176 179 180 185 191 193 194 197 198 199 200 203 209 211 212 213 214 220 221
180 197 209
180 203
200
179 180 199 200 203 211
179
180 193 197 200 203 209
168 176 179 180 193 200 203 209
203
203 209
176
193
176 180
180 186 209
180
203
193
179
176 203 220
185
176 180 200 203 209
162 176 179 180 185 186 189 191 193 194 197 198 200 203 209 211 213 214 220 221
191 194 200 203 209 220
213
176 203 209
200
200
180
203
180
209
211
179
180 209 220
200
209
209
203
176
180
176 211 221
203
176
176 179 180 193 200 203 209 210 214
203
191
180
176 180 193 197 200 203
198 213
209
179 203
180 209
209
212
185
179 209
180 209
168 185
211
209
176 193
200
221
176 203
179 220
180 193 199 203 209
180
180 193 197
179 197 214
200
213
176 200 209 211
213
203
180 200
185
209
185
186
203
179
180
203
176
203
160 163 164 165 166 167 169 183 187 196 201 202 210 212
168 179 180 193 194 198 200 203 209 213 220
209
200 203
200 203
209
179
203
203 209
179 200 203
203
180 200 203 209 221
200
176 180 203 209 220
194
196
180
180 200 203 220
179 209
168 176 179 186 200 203
209
180
180 193 197
203
180
209
168 176 191 193 194 197 199 200 203 209 214
203
209
203
200
203
176 179 180 200 203 209 211 213 214 220
180
203
203
209
179
209
209
176 179 180 193 200 203 209
209
164 167 168 169 176 179 180 187 193 196 198 200 202 203 209 210 211 212 213 220
198
221
180 193 203 209
193
176
176
164
198 220
-----BLOCK_END-----
247
247
227 232 235 236 237 241 246 247 248
225 227 241 242 246 247 248 249
227 232 233 235 236 237 246 247 248 249
227 232 233 235 236 237 246 247 248 249
225 227 228 229 232 235 236 237 241 242 246 247 248 249
227 232 247
225 227 228 229 232 233 235 236 237 241 242 246 247 248 249
248
225
233
227
232
235
235
236
235
235
235
235
227
235
242
248
225 233
233
229
229
246
229
229
242
236
233
229
227
233
227
229 246
246
236 248
229
248
236
237
232
236 248
236
236
229
247
247
235
235 246 248
246
235 237
227 235 246
235 237
227 235 246
233
233
233
233
229
227
229 235
227
246
228
221 247
235
235
235
228
235
225
236 246
225
221
242
242
242
227 232 246 248
237
235 237
236
233
241
242
233
246
225
233
225
228
235
228
242
242
242
225
225
233
235
246
229
228
228
235
236
242
242
235
248
246
229
235
228
228
228
228
246
233
229
236
235
236 246
247
247
227 232 235 236 237 246 247 248
225 227 232 235 236 237 242 246 247 248 249
246
236
225
232 233 235 237 246 248
236 248
236
247
232
235 248 249
227 247
237 242 247
225 232 236 241 246 247
247
248
232 249
247
228
237
227
241
236 242
249
228 235
241 248
232 249
232 236 248 249
225 232 248 249
235 237 241 246
236 248
236 248
236 248
246
236 248
227 232 237 247 248
246
225 232 241 247
232 236
236 248
229 233 235 236 237 242 246 247 248
232
236
242
232 236 246 247 248
232 235 236 237 242 246 247 248 249
247
236 248
225 227 228 229 232 233 235 236 237 241 242 246 247 248 249
232 236 248 249
241
237 246
233 235
225
228
227
232
236 247 249
227 237 247
225
229 232 236 237
236 242 247 248
247 248
248
248
248
225 232 235 236 237 242 247 248
237
227 235 248
225 227 229 232 235 236 237 247 248
237
237
236 248
237
236 246
225 227 229 232 235 236 237 242 248
237
227 229
227
227
247
232 247
247 248
247
241
247
237
232
235
225 237 247
225 237
236 246 248
225 236
236
246
232
225 227 229 232 233 235 237 241 246 247 248
229
249
225 235 236 237 241 248
227 232 236 237 246 247
232 236
228 246
247
235
236 248
228 233 242 249
232
247
227 246
246
237
225 236
225 247
237 248
237
236 248
232 249
248
232
237
227
235
235
247
227 246
227
246
246
225
227 232 235 236 237 242 247 248 249
236
225 227 232 233 235 236 237 241 246 247 248 249
232 249
235 237
232 241 247 249
236
237
247
233
232
247
235
233
236 246 248
236
233
236
227 232 237 247
225
236
241
229 241
225
248
247
247 248
236
232
232 235 249
232
241
227 246
228
247
228 248
236
235 237
246
236 247
233 235 246
249
228
248
225
235
237
232 249
232 248
227 236 237 249
229 237
227 242
247
235
235
225
225 247
227
232
235
227 241 249
227 232 247 249
237
232 236 237 246 247
237 247
225 233
232
246
235 241 249
237
237
235 236
235
237 247
227 232 242 248
236
225 232 233 249
236 248
246 248
232
247
236
247
227 236 248
246
236
235 237 242 246
246
227 246
247
232 249
236
227 235 237
236 248
247
246
235
225 242
225
227
247
236
237
225 232 246
235 237
225 247
232
227 236 246
236
236 242
249
237 247
247
235 241
227
232
229
232 236
247
232 237
236 237 248
235 236
232 247
236 242
225 227 235 237 247
246
235
235
241
236
232 249
227 235 237 242 246
228 246 247
247
246
237 246 247
237
227 235 237
225 237
247
236 248
246
225 227 229 232
241
227 232
232 249
236
237
246
235 237
236 242 248
236 247 248
227
227 228 248
236
225
227
237
227
232
247
247
235 236 246 248
247
242
232 235 237
247
227 236 237
229
237
227 229 247
237
248
227
247
225 227 235 236 246 249
246
227 228 232 235 237 249
232 249
247
232 236 237
236 247
232
246
232
227 233 235 237 247 248
247
232
235 241
237
225 228 229
236
235
247
246
225 246
225 227 247
232
242 247
242
227 246
227 246
241
232 233
248
232
232
247
247
225 248
235
225 227 228 229 232 235 236 237 241 242 246 247 248 249
235 237 248
227 235
237 246 247
246
247
232 249
232
249
233
247
248
225 227 228 229 233 235 237 246 247 248
248
225
248
227 237
232 249
235
247
227
237
236
237
247
232
227 237
232
248
247
225 227 228 235 237 246 247
229
247
227
232 237 248
235
247
227 235 237
236
236 242 246 247
227 228 232 235 236 237 241 242 246 247
225 227 236 241 242 246 247
237 242
247
227
227 232 233 237 246 247
227 236 246 247 248
246
225 246
232
241
237 246
248
247
227
227 236
236
242
237
248
237
232
237 247
237 247
235
246
227
232 246
225 227 232 236
241
232 249
227 232 236
247
227 247
232
235 237
225
227 236 237
225 227 228 232 233 235 236 237 241 242 246 247 248 249
232 235 241 246
227
232 247
227 229 235
227 237
232 235 237
235
225 232 236 237 242 246
227
227
247
235 241
235
225 246 247
247
242
225 233
232 236 237 247 248 249
232 249
225
247
237 247
247
225 227 232 235 236 237 241 247 248 249
232
233 247
225 227 228 229 232 235 236 237 241 246 248 249
233
232
248
225 228
221 225
247
227
235 248
227
235
232
246
248
235
236 242 247 248
242 247
247
235 241
235 247
232
232 237 249
225 227 228 235 236 237 246 247 248 249
232 248 249
232 236
237
225 247
237
225
225 237
236
227 236 237 242
237
227 232 235 237 249
225
235 236 246
227 235 237
237 247
225 236 247
225 233
235
235
236
229
225 237
227 236 248
235
235 236 237
247
232
248
242
247
248
237
225 232 246
227 246 247
237
248
225 229 232 233 236
229
227
227
236
225 232 236 242 247 248
225
233
237 248
235
236
237 241
227 232 236 242 248 249
236 237 246 248
247
232
235 237
248
237
225
236 246 248
225 228 241
232
225 246
249
235 236 237 241 248
227
235
237
229 247
237
229 236 237 246
227 235 236 241 247
247
225 237 247
236 248
236 248
225 247
248
237
229
232 249
237 247
235 247 248
232
227
236
248
227 247
225 229 232 235 236 237 241 242
241
227 249
248
249
237
227 232 235 236 242 246 247 248 249
227
237
236
241
248
227 232 235 236 237 246 247 249
237
227 229 232 235
235
221 225 227 228 229 232 233 235 236 237 241 242 246 247 248
232
247
225 235 236 237 242 247 248
235
235 236 237 242 246 247 248
247
225 227 229 232 233 235 236 246 247 248 249
225 232 236 237 242 248
246
242
232 237 247
232
236 237 242 246 248
246
248
232 235 247 249
246
232 249
236 242
225 227 229 235 247
227 236 246
237 242
235
246
237
232 235 246 248
237
229
221 227 232 235 237 242 248
248
227 235
236 247
232
225 248
235
227
225
225
225
227
237
232
232 237 247
227
233
237
225 227 232 233 235 237 242 246 247 248
236
225
229 236 246 248
225 227 233
235 237
228 246
232
237
235 241
241
237 246
232
227 247
246
227 232 236 242 246 247 248
235 237 241
237
232
235
225 227 233 237
236
237
237
227 237 242 246
232
225
225
236
247
227 237
237 248
248
236 237 248
228 232 246
232 235 236 237 242 246 247 248 249
237
237
225
227 228
232 237
225
232 236 237 242 248 249
227 232 235 236
246
232 249
232 235
247
248
247
232
232 235 249
237 246
227
225 246 247
236 246 248
236
247
242
236 246 247
227
232
242
242
232
236 242 248
232 236 246 248 249
229 247
242
227
225 227 233 235 237 242
232
246
225
232
236
227 237 247
246 247
227
247
225 227 236 248
247
237
249
225
246
247
246
229
232 237
236
236
237
237 246
247
232 247
232 249
248
241
237
227
246
247
235 242 247
229 232 237 242 247
236 248
235 236 237 247
232
247
236
229 232 247
246
235 236
225
228 242
235 249
246
232
236
227
237
227 232 235
232
232
232
248
246
235 237 246
236 237 247 248
225 227
232
228 235
237
248
227 228 229 235
242 246 247
235
236
235
232 235 236 237 241
225 227 228 229 232 233 235 236 237 241 242 246 247 248 249
228
228
236
248
232
242 247 248
225
248
227 235 236 237 246 247 248
232
248
235 237
246 247
235
236
227
237 249
236
236 242 248
232
232 233 235 237 249
237
241
246
249
225 229 232 236 237 247
232 233 242
237 242
232 236 247
237 247
236 246 248
232
235
228
247
235
246
225 227 232 247
246
227 235 248
248
232
246
227 235
227 235 237 246
232
236
232 233 242 249
242
233
232 247 249
235
227 237 246
227 235
227
235 248
232 236 248
232 236
232 249
246
236
232
235 236 246 247
249
227
247
225 227 232 236 242
237
229 235
248
232
247
232 249
232
227
246
232
232
229 242
242
248
248
235
247
235
236
225 236 237 246 247
246
232
232
229
232 242
237
247
237
248
247
225
232 235 247
232 249
227
227
237
237
247
237
242
225 235 236 237 247
236 237
227
235
225
237
242 249
232
235 241
237
236
247
246
241
232 249
227
237
247
225 249
232
232
242
246 247
232 236 249
225
235
225
232
233
228
228
227 232 236 241
227 232 235 236 237 246 247 248
225 227 228 229 232 233 235 236 237 241 242 246 247 248 249
225 232 236
225 246
227 236 237 242 246 247 248
225 235
225 227 232 236 237 242 248 249
227 228 232 233 236 237 241 247
232
236 248
232 237
241
241
236 237 242 247
236
236
227 241
225 227 228 229 232 233 235 236 237 241 242 246 247 248 249
232 236 246
229
249
228 229 235
227 248
227
237 242 247
236 242 248
242 247
246
227
233 247
246
225 232 248
225
225
232
248
232 233
249
235
229
229 235 237
247
242 246
229 242
232 236 247 248
235
227
247
236 247 248
232 236
236
246
232
227 228 232 236 247 248
232
246
246
225 232 235 247
225
235
247
247
227 247
237
225 227 232 235 236 237 242 246 248 249
227
227
232 236 248
241
246
232 247
236 248
236 237
246
241
236
228 236 249
242
228
227 237
225
247
221 232 236 242 248 249
235
237
235 241
241
225 232 249
242
225 229 232 235 236 237 248 249
227 235 236 237 247
248
225 227 229 232 233 235 236 242 248
241 248
225 232 233 235 236 237 246 247 248 249
249
249
225
232 236 237 246 248 249
227 232 233 236 246
227 228 232 233 235 236 237 241 246 248 249
229
232 242
232 247
235
236
235 237
-----BLOCK_END-----
